IV. Index 01 names

Abraham 188, 25.

Adam 188, 1 sq.

Adam de Matisco 147, 21.

Algacel 298, 2.

Anselmus 73, 1; 84, 21, 102, 13, 109,
11, 111‚1andz6; 134, 323 135, 6;
1⁶12353 Ι71), 24; 172, 213 ι73, 7;
244, mand 16; 245, 3 and 19, 250,12.

Ardmacanus 144, 18, 152, 313 157, 3.

Aristoteles 6, 5, 15, 621111 17, 19, 28,
21193 30, 11; 33, 3; 41, 3, 42, 1,
49, 14, 51,7and28; 53, 18, 58, 12,
76, 4 and 10; 78, 1, 79, 28, 91, 5,
96, 1, 98, 11, 114, 6, 115, 7, 119,
37, 121, 6, 122, 21, 170, 20, 171,
7 1119 11111, 181, 15, 191, 11,
194, 40; 196, 221100, 14, 15; ²03, 4,
209, 22, 210, 11, 214, 15, 246, 24,
249, 11, 276, 9 and 14; 292, 13,
293, 35·

Athenienses 150, 26.

Augustinus 7, 6, 19, 27, 35, 10, 5ο,
11, 5517, 654, 7ο, 9 11614, 71.
5and10; 74, ²; 143, 37, 146, 27
and 303 147, 22 and 2,, 155, 10,
166, 7, 169, 35, 174, 1ο, 184, 7, 191,
16, 209, 17 and 18, 218, 12, 219,
133 273, 38; 276, 4; 277, 13 and 17·

Avesneszra 198, 8.

Avicebron 37, 1, 294, 9.

Avicenna 75, 1, 127, 6.

Balaam 115, ,8, 116, 1, 137, 8.

Benadad 77, 17.

Beor 116, 1.

Boecius 26, 21, 38,19; 251, 17, 293, 2.

Cristus 99, 11 and 14: 109, 11 and 17;
110, 5, 9and 10, 111, zand 27, 161,
3; et saepius.

Democrit 116. 8.

Dyuam 76, 31.

Egidius 107, 16.

Egiptus 224, 13.

Euclides 55, 1.

Ezechiel 58, 1.

Gilbertus 97, 7, 208, 12, 294, 22.
Haly 298, 7. ³
Israel 212, 30.

Jacobus 178, 1.

Jesus 180, 22.

Joachim 18, 13

Job 213, 1.

Johannes 19, 27; 145, 9.

Joseph 77, 2.

. Judei 99, 13, 110. 5, 111, 27.

Laban 77, 4.

Levi 188, 4 and 26.

Lucifer 161, 7, 13, 15, 19, 23, 31, 33 and
36; 174, 34: 175, 16111131, 17611·

Lynconiensis 25, 8, 33, 2, 35, 9, 39,
2Ῑῖ 52, 43 731 143 75, ²63 147· ²0·

Man 77, 8.

Melissus 52, 16.

Moyses 57, 28, 77, 6, 212, 29.

Noe 57, 20.

Parmenides 52, 16.

Pelagius 245, 6.

Plato 19, 26; 42,1, 223, 71111120, 224,
11; 276, 7.

Porphirius 30, 10, 32, 6, 208, 11.

Priscianus 212, 9.

Ptolemeus 298, 6.

Seneca 246, 5.

Sichem 76, 30.

Theodosius 56, 1ο.

Thomas 71, 9, 91, 1ο, 146, 1; 177, 16:
294, 9-

Ungaforus 298, 7.

. Urso 38, 10.

Vitrilonensis 97, 1.
Ysidorus 245 7.

 

